3.171466771464965806e+00
2.994059089522979722e+00
2.633714649778030381e+00
3.532763842445037827e+00
1.368415985208175645e+00
2.593176040750167832e+00
2.853539619546554551e+00
3.613355252843521104e+00
5.052142117124222231e+00
3.196440752547405229e+00
3.328190628390930161e+00
1.789632167618892655e+00
3.354635570150039658e+00
1.986990455489776597e+00
1.822051320176742539e+00
2.171301219564102158e+00
4.127700123887680483e+00
4.522048506837509585e+00
1.847781214814804063e+00
1.841018650632522569e+00
3.939265292089603410e+00
3.621950004201553330e+00
1.646756563287399278e+00
3.333151016336105332e+00
1.781051997047088609e+00
2.973637346130035386e+00
2.327157620292327866e+00
2.920219395261428819e+00
3.136761341195724473e+00
3.563566539388320908e+00
3.619038585525176988e+00
2.533418673973701463e+00
3.551755044561050401e+00
5.477978799443863345e+00
3.771331611972473130e+00
3.316944513421676621e+00
2.333350200157783494e+00
4.790738318067215396e+00
2.461005393367431626e+00
1.944907519918106065e+00
2.543044004541061387e+00
4.858279559713028384e+00
3.379041928749702439e+00
3.149790141683242783e+00
1.712157104116104112e+00
2.592618528705261216e+00
2.244146559339187608e+00
4.659765455823563052e+00
3.020319376092575059e+00
1.151021946173332200e+00
3.144856143694541917e+00
1.859016153913162217e+00
4.274663004975937319e+00
4.492610964875839663e+00
1.421842936378143296e+00
3.534048560958526597e+00
2.281667699989102349e+00
3.978350374799392686e+00
1.738084454041145310e+00
3.730485323768280015e+00
3.267639953594825730e+00
4.387236807447098208e+00
2.322948787313125596e+00
6.779161430412750100e-01
2.553226087194107041e+00
3.777762744527481065e+00
2.206726048093460069e+00
3.023079011541030869e+00
1.439405176740310655e+00
2.508510444265029893e+00
3.535834971767089829e+00
1.655065748792312608e+00
3.530812462743542657e+00
9.025080985838394021e-01
2.297815281849525437e+00
4.752172119432907516e-01
4.133099291425369692e+00
4.404064155632477218e-01
2.810588572126052842e+00
1.070356581311843858e+00
3.016348902087829575e+00
1.414242479901931748e+00
2.428003583055160508e+00
5.078109774690292788e+00
3.713865287553689942e+00
4.052275005679748965e+00
3.760126922231338487e+00
2.097021315198562608e+00
3.806654233437202439e+00
3.040772262912414536e+00
3.986153159242294297e+00
3.771320555310867295e+00
2.779748436015270219e+00
3.511296007733962998e+00
3.975637171369216905e+00
2.483623687129638657e+00
1.108039293389938340e+00
8.342063761764983987e-01
1.398081634145400987e+00
4.430743489366196108e+00
2.973645765286109910e+00
2.636351261239669785e+00
1.730430696111343369e+00
2.893689934116027818e+00
1.860269520383499131e+00
1.812483552795074448e+00
3.502148274284027085e+00
1.293685454826972947e+00
3.691111255388877854e+00
1.644258361261508927e+00
3.397676143746994004e+00
2.643724176984451280e+00
1.124415371518753037e+00
1.964270446401260362e+00
3.788538191419265733e+00
3.937713358503005967e+00
2.465242106419227586e+00
3.436267111402175889e+00
2.738380793433807359e+00
4.277190420728348208e+00
3.234325025182388291e+00
2.196858826976440415e+00
3.184597466092727647e+00
1.757676217656753526e+00
4.031604979138992739e+00
1.730474326711318955e+00
3.366248343091629014e+00
1.384819362264297471e+00
1.659233197521589265e+00
2.996173044618390069e+00
2.741894317975438700e+00
3.585045788388870225e+00
2.493270728688858018e+00
2.111300278406761155e+00
2.794989082914016709e+00
3.006028924089096055e+00
4.700797948938034487e+00
3.123387012582443223e+00
3.735939715009353623e+00
2.399237189393661485e+00
3.919905231286011205e+00
2.760336462360046372e+00
3.291220683556220994e+00
1.311789531212470994e+00
1.727122459512374864e+00
4.141021940808914614e+00
3.653404626947067246e+00
4.215812656980179263e+00
1.816950533490798936e+00
5.047094915013931704e+00
2.154501650434158311e+00
2.041439447503707871e+00
2.559307459693572984e+00
3.828171107869766221e+00
3.575477812390945420e+00
3.066461708348415360e+00
3.623762611251495347e+00
3.568650726180694566e+00
3.307834580492399201e+00
4.482025418382309390e+00
1.932383779388092027e+00
4.223998729091309023e+00
2.012675182845614419e+00
3.025269333224914536e+00
2.609864789944313035e+00
3.202507402699611649e+00
4.817461106877945376e+00
4.093056295018814517e+00
3.202909290742300019e+00
8.988964296394805764e-01
3.269967023234985337e+00
5.026559803586624575e+00
2.410909447770736680e+00
1.632873985868118272e+00
1.668621364932678208e+00
1.750221345525405869e+00
4.472500774961136294e+00
4.771053228479050112e+00
2.120256911914966569e+00
3.948439691167495713e+00
4.082281205754898501e+00
2.261250171762130723e+00
5.501779053311966372e+00
3.252632860046051011e+00
3.371370051007888780e+00
3.753848466973922715e+00
1.633517537217758164e+00
2.968000147443435655e+00
3.195975232821128831e+00
2.964305970769546494e+00
4.537955734830521060e+00
3.272780958514831529e+00
2.246523592572830186e+00
3.873233009081504807e+00
2.952479299109600053e+00
3.861070010762832627e+00
1.558945450883529649e+00
2.753863070111892686e+00
1.332851674359462724e+00
3.921752456527374253e+00
2.472233328920028672e+00
1.342033933799884782e+00
2.904851491514764295e+00
4.080739173989914370e+00
5.172929618459366274e+00
2.485007319551132188e+00
2.211773250203750596e+00
4.059304926496170474e+00
2.628741029601715073e+00
3.350539568763397202e+00
5.044360495621185159e-01
1.878440234761856065e+00
2.579032678108833299e+00
1.849012110334060655e+00
1.015774045091293321e+00
4.272412870031021548e+00
3.043597195249221787e+00
3.190584424834869370e+00
2.293433044057510362e+00
3.220713559489868150e+00
1.662369016509674058e+00
4.008588571053169680e+00
1.551635775666854844e+00
2.626504950177095399e+00
3.603266540866516099e+00
2.398962233167312608e+00
2.763446304898879990e+00
1.132579382460735307e+00
1.193845752578399644e+00
4.759812805753372622e+00
1.890192244153640733e+00
3.479800913434646592e+00
3.399223316412590012e+00
4.514866027932785464e+00
-9.199363254493255759e-01
3.115075148593805299e+00
2.089223597150466905e+00
3.234138462644241319e+00
4.217674408059738589e+00
5.686281893354080630e+00
2.218031261068008408e+00
2.640764344435356126e+00
4.231618676286362124e+00
4.214291784864090396e+00
3.299630436998031602e+00
4.039645407300613833e+00
4.244585249524734927e+00
4.801125857930801821e+00
2.103003118138931260e+00
5.343021068673752261e+00
2.375699210863731370e+00
2.705297896124593482e+00
3.547906104427001939e+00
5.150857064824722720e+00
3.853191409211776719e+00
3.599833939176223740e+00
2.252594683271072373e+00
4.087726149659775210e+00
3.177937779527328477e+00
3.609067093532703385e+00
2.446294788222930894e+00
3.614091012578628526e+00
1.253660056691787705e+00
5.378317329984329653e+00
3.833533618550918565e+00
2.666173566084526048e+00
2.297833058934829698e+00
2.019532237153671250e+00
3.488222930532119737e+00
2.484638933044097886e+00
4.623364243608139468e+00
3.664851460557601914e+00
3.930277775924823747e+00
3.355522546868942246e+00
3.511526841622016892e+00
5.072011802297256899e+00
5.564942572217606021e+00
1.268624279599807725e+00
2.926377747159622178e+00
4.127050880294464541e+00
2.448993775945327744e+00
1.196121666532180772e+00
1.289726588826797471e+00
3.222097683649681077e+00
3.034563239615581498e+00
9.914450384193878030e-01
2.592996541362426743e+00
3.467614389473419600e-01
2.924218203824184403e+00
3.573775503736160264e+00
-5.653853305166740562e-01
3.005340967279098496e+00
3.745847139459274278e+00
2.400511611204765305e+00
2.125142726998947129e+00
3.443464789491317735e+00
1.738480720620773301e+00
6.531019508356075143e-01
1.185784611802719102e+00
3.930819302749059663e+00
4.604875180822037173e+00
2.731622938018463120e+00
1.484861966174266801e+00
6.337629891449432229e-01
3.100222829681060777e+00
3.611295971971176133e+00
2.450679633718154893e+00
4.310393247705124331e+00
3.587526332538745866e+00
2.209966305595062241e+00
3.458126191001556382e+00
2.003753516774795518e+00
4.710415217977188540e+00
4.640086031967621261e-01
2.776606444221160874e+00
2.169520232778213487e+00
2.813143167596481309e+00
3.450246643226764665e+00
1.536549124818466172e+00
2.396854165893218980e+00
3.953868035178802476e+00
1.181821633082054124e+00
1.760480616193435655e+00
5.244488213163040591e+00
1.315338764291427598e+00
1.031621474724433885e+00
3.830375287633560166e+00
2.110535953145645127e+00
1.846792138630371505e-01
3.285906229119918809e+00
3.827772144179962144e+00
3.494516349846344405e-01
3.334441754918716416e+00
2.524337027173660264e+00
1.989112112622879014e+00
1.798465345006607041e+00
1.907058510881088242e+00
1.385836366515777573e+00
4.165372971397064639e+00
4.734275195699356509e+00
2.415552128058097825e+00
3.111319426398895249e+00
3.372256372075698838e+00
2.312707874875686631e+00
3.508755337398670182e+00
3.520553383927963242e+00
3.159263614516876206e+00
6.499189845735053872e-01
3.518129456740043626e+00
4.094050738912247134e+00
3.279375825029037461e+00
5.223937604528091860e+00
1.946304175954483018e+00
4.148645434480331851e+00
4.118118155699394656e+00
1.156826261382720933e+00
2.667351338964126573e+00
2.706896394442937837e+00
2.221957776647232041e+00
1.838524300556800828e+00
1.522366199594161973e+00
3.097626361947677598e+00
2.896580878596923814e+00
1.902326215010307298e+00
3.379443366032264695e+00
3.174605790477416978e+00
3.115562114816329942e+00
1.492642585139892564e+00
3.059795770745895371e+00
2.668928626876495347e+00
2.145042661529205308e+00
2.934183869462631211e+00
4.285821173291824771e+00
4.524186585050247622e+00
4.000217173200272036e+00
2.384608302217147813e+00
1.449446413617752061e+00
2.516994286280296311e+00
3.267707679372451768e+00
4.700969789128921938e+00
4.229345533948563052e+00
1.847951685030184255e+00
3.112847957711837754e+00
4.029326412778519106e+00
1.198112819295547471e+00
2.237241487901828751e+00
4.859285090070389224e+00
2.708104375701568589e+00
2.995180066626689896e+00
2.124526400070808396e+00
3.714535016518257127e+00
2.782363448243759141e+00
3.192958090406082139e+00
2.849862892132423386e+00
4.718884024720810366e+00
2.120107277248225675e+00
5.661647770505569888e+00
2.548301253419540391e+00
2.475136015515945420e+00
2.931524071794174180e+00
4.004508648019455386e+00
2.122948385726831422e+00
4.158944908481262637e+00
3.878884773653171525e+00
2.269667182069442735e+00
3.394261095624587998e+00
1.621668789487503037e+00
3.017698857885025010e+00
3.195845100980422959e+00
9.922678172105769967e-01
3.253725711208007798e+00
2.878031883340499864e+00
9.505038894230346536e-01
2.634232286315582261e+00
2.541190046768806443e+00
2.831439707379959092e+00
3.020297143560073838e+00
4.654243204694412661e+00
3.063094112973831162e+00
1.176875118117950425e+00
3.427301172118804917e+00
1.427634928327224717e+00
3.796261478167198167e+00
4.557763490777634097e+00
4.599965605836533022e+00
3.814822632771156297e+00
6.843822784239272927e-01
3.417442057233474717e+00
3.253188405137680039e+00
1.951158855062149033e+00
1.820507977109573350e+00
1.179223272901199326e+00
4.783281061750076724e+00
3.818569336038253770e+00
3.601289797526023850e+00
3.899416957933626637e+00
4.222265396218918276e+00
3.356540145304224954e+00
2.776217732530258164e+00
4.954003069501541567e+00
1.802475783925674424e+00
3.252013895612380967e+00
3.226027283769271836e+00
4.504057023625992251e+00
2.569563649112205916e-01
3.312091130715034470e+00
5.800862286191605044e+00
2.968613002401016221e+00
4.327984962564133120e+00
2.442673691500149236e+00
2.348459217649124131e+00
3.261521454852245316e+00
4.873989436727188540e+00
3.658371005159042344e+00
2.519882652860305772e+00
3.290513787370346055e+00
3.571760270696304307e+00
2.063416216474197373e+00
1.772078249555252061e+00
3.885756272774360642e+00
2.484330657821319566e+00
3.949400635387919412e+00
4.433040235143326235e+00
2.712663207154891953e+00
1.783691856961868272e+00
3.712223712306640611e+00
3.887665171127937302e+00
4.678724620443008853e+00
3.082704637151382432e+00
2.897860858541152940e+00
3.586112949948928819e+00
5.044255707364700747e+00
2.582287732463500962e+00
3.043365467291496262e+00
3.596519891124389634e+00
3.278421077829025254e+00
2.550312939983032212e+00
5.241807792287491274e+00
2.980941656928680406e+00
3.638780448537490830e+00
8.901144004875640725e-01
3.435750875573776231e+00
3.384118679862640366e+00
3.297636274200103745e+00
3.032664809327743516e+00
4.195207212072037173e+00
2.253163788419387803e+00
1.921161625486038194e+00
4.323763582807205630e+00
2.883160922628067002e+00
4.088266823392532778e+00
4.158717665773056460e+00
3.280228469472549424e+00
2.914942178826950059e+00
5.219905231099747134e+00
2.765080485444686875e+00
3.782835703294895158e+00
3.687728080850265489e+00
4.242544475894592715e+00
1.410332176786087022e+00
1.751355145078323350e+00
1.901526126962326035e+00
1.655025366645477281e+00
3.157225254874847398e+00
3.386904928784988389e+00
2.882057351943276391e+00
3.269402269225738511e+00
5.037033531766556216e+00
3.215438816648147569e+00
3.159771297078750596e+00
5.138870689969681216e+00
3.299216974478385911e+00
3.339409802060745225e+00
2.217038195531986222e+00
3.072862457435749040e+00
2.728380415540359483e+00
2.406896743875167832e+00
4.173378441434524966e+00
4.538259718518875552e+00
2.128859016996047959e+00
6.176577422719620181e+00
6.670322883391599511e-01
3.471416059833190904e+00
6.831531498532913638e+00
1.003301296334884629e+00
3.767132941585205064e+00
5.006488833528183413e+00
3.721196565728805528e+00
2.377612683873794541e+00
3.106872472863815293e+00
3.080334041219375596e+00
3.801082108121536240e+00
2.871858272653244004e+00
2.605869336005471215e+00
2.099197957616470323e+00
3.941488180261276231e+00
2.777434084516189561e+00
4.712181124787949038e+00
4.034821305375717593e+00
2.399556312661788926e+00
2.169532392125747666e+00
5.495428059201858950e+00
3.315105501514099107e+00
2.066953036885879502e+00
2.466475341420791612e+00
9.577073789650420998e-01
6.717697120720367288e-01
4.393321368795059634e+00
4.270021650891922427e+00
2.711740765672348008e+00
2.300360403906724915e+00
6.389848682981155825e+00
3.326855111818931565e+00
5.014311764341019106e+00
2.853949714403770432e+00
2.217669222455642686e+00
3.547191727858207688e+00
3.327629711430690751e+00
3.768100190859458909e+00
3.981084797483108506e+00
4.109129492145203066e+00
5.128764960866592837e+00
2.094421092372558579e+00
4.326117489438675356e+00
2.389554474454544053e+00
4.166554335456512881e+00
1.267842028241775498e+00
5.433959696393631411e+00
3.670896802049301133e+00
2.488572630983016953e+00
2.026545923154972062e+00
3.991653611835263238e+00
1.289244628960113936e-01
1.798620793920181260e+00
3.554370943408630357e+00
1.478247750502250657e+00
3.641319606404922471e+00
1.517890904050491319e+00
3.306064668994567857e+00
3.871588271062992082e+00
1.243240166407249436e+00
4.741781566243790103e+00
3.683748338323257432e+00
4.419219259124420596e+00
3.201684746843002305e+00
4.461788389783523989e+00
3.372085187535903916e+00
2.648003738325260148e+00
3.882839683395050034e+00
3.185628924470565781e+00
2.437625143628738389e+00
3.535681072574279771e+00
3.719079706769607530e+00
2.192465100389144883e+00
1.579227302175186143e+00
2.779774997335098252e+00
3.273763213258407578e+00
3.630849514108322129e+00
4.324494935089569503e-01
2.105693635948173270e+00
2.772453520398757920e+00
2.834572274189613328e+00
1.323698643546722398e+00
2.401950169306419358e+00
1.505995582740924821e+00
3.997956488233230576e+00
4.045727375846527529e+00
3.069237116675994859e+00
3.419352356296203599e+00
1.130771640639923081e+00
2.428978297811172471e+00
3.061648730140350327e+00
3.589779656332157121e+00
1.509555850129745469e+00
2.084777361665091977e+00
3.782121036153457627e+00
5.564038131337784243e+00
1.518418777685783372e+00
2.811784330707214341e+00
2.123200599055908189e+00
3.548508349757812486e+00
2.201974663835189805e+00
4.401662502389572573e+00
2.934980038505218491e+00
2.806619343765250907e+00
3.751380931537769303e+00
2.326632592778823838e+00
3.103606853585861192e+00
2.209156397681854234e+00
2.897802744012496934e+00
2.991414520841262803e+00
2.684748310547492967e+00
2.703880522351882920e+00
4.680374000173233462e+00
2.048433456521652207e+00
3.107442248564384446e+00
2.073785517316482530e+00
4.028064005028627825e+00
3.489452395539901719e+00
2.395292673211715684e+00
2.245217952829025254e+00
2.179601047139785752e+00
9.334563351685027932e-01
3.509073797565124497e+00
4.460698757272385073e+00
3.820961091619155869e+00
4.419491711955688906e+00
3.829502318006179795e+00
4.585845325093887759e+00
2.255064222913406358e+00
3.553705040317199693e+00
2.762776944738052354e+00
2.662317577701232896e+00
3.596063945394180283e+00
2.148598287206314073e+00
2.032108638387344346e+00
7.714134193474273538e-01
3.202766928773544297e+00
2.748143073123119340e+00
2.972062561612747178e+00
1.417489293914459214e+00
4.678523037534378481e+00
3.777492318254135117e+00
2.919135007959030137e+00
3.870098445516250596e+00
1.377366635900161729e+00
2.885175976853988633e+00
2.889597509008071885e+00
2.640859801273963914e+00
2.941150758367202744e+00
4.105831239324234438e+00
3.450838062863967881e+00
1.585046801667831406e+00
3.826011005740783677e+00
3.937417779069564805e+00
2.654358599286697373e+00
1.995715830426834092e+00
2.715316627126358018e+00
2.118185494046829209e+00
2.486102033358238206e+00
3.558112237554214463e+00
4.520791444879196597e+00
2.940231982570312486e+00
3.460536155801437364e+00
2.949215117793701157e+00
1.539614010553977952e+00
3.496759626966140733e+00
4.771162960630081606e+00
3.029342830132863984e+00
2.574039552312515244e+00
2.587395857971332536e+00
3.087499115567825303e+00
2.703465495210311875e+00
4.006421897512100649e+00
2.203525397878311143e+00
1.886988785069606767e+00
2.964649859767578111e+00
2.410908553701065049e+00
2.206615544373016768e-01
3.134303901296279893e+00
2.154043529134414658e+00
2.388281378846786485e+00
3.503421697717330918e+00
3.827777598004959092e+00
1.266809944015167222e+00
3.280307177405975327e+00
3.065849278073928819e+00
4.935428652864120913e+00
3.246840540271423325e+00
3.460013870101593003e+00
3.421988759141586289e+00
4.708874616723679019e+00
2.346359994214199052e+00
4.491027865510605288e+00
3.869874153237960801e+00
1.892166618209503159e+00
3.932672832112930283e+00
5.423534847313384866e-01
4.832382056813858462e+00
2.851988229852340684e+00
3.361953351598403916e+00
1.491911385160110459e+00
3.722435746293685899e+00
2.993045512538574204e+00
3.910422328811309800e+00
4.955733988385818911e+00
4.278048310380600405e+00
4.270084056955002261e+00
3.683879468541763291e+00
2.161253455978057847e+00
1.525925967794082627e+00
2.772530857425353989e+00
3.518592033486984239e+00
2.094334099393508897e+00
4.349837753873489810e+00
1.825369987588546739e+00
4.785445902448318911e+00
3.511882279019973740e+00
3.052198383908889756e+00
4.144002769094131899e+00
3.368326742153785691e+00
3.355061266523025498e+00
3.268419418435714707e+00
4.271036628585480166e+00
3.607929233413360581e+00
3.647172901731155381e+00
4.406326387029312563e+00
4.079646799665115786e+00
2.214157439720056519e+00
4.230499926906250430e+00
4.203091833692215396e+00
1.363055903416297898e+00
2.379184324246070847e+00
3.952626991968772874e+00
3.438665661912582383e+00
3.831048730712554917e+00
2.332215566139839158e+00
2.932690415483139024e+00
1.932882312636993394e+00
2.314549360376022324e+00
9.581130034738998269e-01
1.744773492168806062e+00
2.845398042302749619e+00
3.462816182475707993e+00
4.134269956451080752e+00
3.117954645257614121e+00
2.565834704738281236e+00
2.961453270118854508e+00
4.183310780625961733e+00
3.052410040002487168e+00
3.499092016320846543e+00
3.943560514550827012e+00
1.529878709417007432e+00
4.471903357606552554e+00
2.637766811948440537e+00
2.917464706998489365e+00
4.972371552091263247e+00
3.053235609036109910e+00
3.170784626107833848e+00
1.313683394294403062e+00
1.662740740876815781e+00
5.057808611493729067e+00
3.047924850087783799e+00
3.881335351567886338e+00
4.596167299848221255e+00
4.594895671570520812e-01
3.120067533057353959e+00
8.230442143494109963e-01
1.588191796045921311e+00
2.246708843808792100e+00
2.292571973007343278e+00
3.877507660489700303e+00
2.847356233697555528e+00
4.229048315387390566e+00
3.263078505125067696e+00
3.847517146680675015e+00
2.448898408513687119e+00
4.310696396928451968e+00
3.430224988561294541e+00
4.432316515546463442e+00
2.201842997174880967e+00
2.748663041692398057e+00
3.725440610151908860e+00
4.550866756539963198e+00
3.348394487004898057e+00
2.764634195666931138e+00
5.099368426900528384e+00
1.893858049016616807e+00
4.912481877904556704e+00
4.015560228329323245e+00
3.962072540026329026e+00
3.933236513238571153e+00
4.702641818624161196e+00
2.954354796510360703e+00
4.843176338773392153e+00
3.518398385446689591e+00
5.125350926023148013e+00
2.375135350924156175e+00
1.205772332798860536e+00
2.802875336211345658e+00
3.207237277131698594e+00
3.644405249457977281e+00
2.935464385848663316e+00
2.053955946069381699e+00
4.016405735116623354e+00
2.558332417112014756e+00
1.865045670371673570e+00
2.968289215069435105e+00
3.666139442425392136e+00
2.551520619493148789e+00
2.626728240352294907e+00
2.778905119698665604e+00
3.193419549565933213e+00
4.651255134444855166e+00
3.277179155450485215e+00
4.235013384323738528e+00
2.644703287583015427e+00
1.682718876701019273e+00
2.254590604406021104e+00
3.896833274465225205e+00
2.871785137754104600e+00
3.894138317506931291e+00
2.839066166382453904e+00
2.557683918576858506e+00
3.243118125897071824e+00
4.710910890203140688e+00
1.225156161885879502e+00
5.003241155248306704e+00
4.258312258821152163e+00
3.891362819772384629e+00
3.191299933891914353e+00
2.961356196504257188e+00
4.173761282067917300e+00
4.446311328511856509e+00
4.357932541471146060e+00
2.013045404058120713e+00
3.170985195737503037e+00
2.388818586196921334e+00
4.252218846183441592e+00
3.861183974843643174e+00
2.328842911821029649e+00
3.589056029867551789e+00
2.001138064962051377e+00
2.949238304000518784e+00
2.779377046924255357e+00
5.186295993143539285e-01
4.848862264257095767e+00
3.350927744012496934e+00
1.120205894995651708e+00
3.989558909040115342e+00
5.062505695920608950e+00
2.362916205030105576e+00
2.967220280271194444e+00
2.644252825480125413e+00
2.141456220250747666e+00
3.625600550275466905e+00
9.928626454884033059e-01
2.361520800691268906e+00
1.732378099065444932e+00
2.510795716148040757e+00
2.507848236661575303e+00
3.559671435456893906e+00
3.120992813211105332e+00
2.615539196830413804e+00
4.005508575540207339e+00
2.725352201562545762e+00
3.058314237695358262e+00
2.904744181733749375e+00
2.836258526843212113e+00
2.640344906550071702e+00
2.976280841928146348e+00
3.736580509644172654e+00
2.618016791481695638e+00
3.631258208256385789e+00
2.032232183914802537e+00
2.574606347780845628e+00
4.654026720624588442e+00
3.408104499753735528e+00
3.268342707257888780e+00
2.967589352231643662e+00
1.873385880094192490e+00
3.252265784841201768e+00
3.402403924565933213e+00
3.482935663264415727e+00
3.431314688127658830e+00
3.176220122676513657e+00
1.705751154523513780e+00
1.846400443416259751e+00
3.188956234555862412e+00
3.121084634166381822e+00
3.297818008762023911e+00
2.676087755661628709e+00
2.223262403112075791e+00
2.228852037292144761e+00
2.128012780051849351e+00
2.866997603278778062e+00
2.394056562286041245e+00
3.270348612170837388e+00
7.106977439934234475e-01
1.695192728143356309e+00
1.622444245916030869e+00
4.506740424733780337e+00
3.969753298860214219e+00
1.496521506410263047e+00
1.808694396119735703e+00
1.646975036662242875e+00
3.106647048097274766e+00
3.670402619939468369e+00
4.669594261747024966e+00
9.808068312221984719e-01
3.408998981535605655e+00
2.287361089091918931e+00
3.401387069326065049e+00
4.315529201131485415e+00
5.075687263112686587e+00
2.997636172872207627e+00
1.500110242467544541e+00
2.387184876900337205e+00
3.112019512754104600e+00
3.989896092515609727e+00
4.997633073430679751e+00
3.598997067611835465e+00
1.921855900388381944e+00
2.375602576833389268e+00
1.441586453419349656e+00
3.222825262647293076e+00
3.878425810437820420e+00
4.176666770082138491e+00
3.279632825356147752e+00
1.561227705281398759e+00
4.197275076013229800e+00
1.809929739635608659e+00
3.393676612477920518e+00
2.296160075765274033e+00
1.709678146939895615e+00
3.600122306447647080e+00
2.692490670781753526e+00
-3.176922631001252717e-01
1.715872738462112412e+00
3.202323619228027329e+00
1.410362247329376206e+00
4.087729010682724429e+00
2.131148669820449815e+00
3.980377588372848496e+00
3.542612437110565171e+00
4.196741078000687075e+00
2.207317087751052842e+00
3.262948349535636172e+00
3.196474436622283921e+00
1.584288578432224259e+00
3.979314718347213731e+00
8.191874362045745706e-01
4.466729137998245669e+00
2.702725145917556748e+00
3.089454907875679002e+00
4.584187243085525942e+00
3.930235814254901872e+00
3.713805649381301865e+00
4.812301728826187563e+00
4.685574267011307192e+00
1.696045315310529933e+00
3.063500169616363511e+00
2.481555763583801255e+00
2.363284442525527940e+00
3.199528429608962998e+00
1.040011618238113389e+00
3.174491289954803452e+00
2.883704412680290208e+00
3.756378296714447007e+00
8.493718243652801370e-01
3.551212642293594346e+00
4.129878226619385195e+00
8.324626422935943459e-01
2.847523111801765427e+00
4.402220819097183657e+00
2.914899799924514756e+00
2.583156663876197801e+00
2.853200349908493028e+00
2.626942235928199754e+00
3.711189404081724152e+00
